624.00 89.160 89.765 3.500 2512.85
628.00 93.160 93.765 3.500 2583.79
602.00 67.840 66.415 6.500 3748.77
599.00 64.840 63.415 6.500 3520.65
630.00 94.690 93.540 8.000 6673.84
620.00 84.890 84.665 6.000 4533.31
601.00 66.890 65.665 6.000 3402.31
622.00 88.210 87.935 3.000 2029.03
599.00 64.990 64.165 5.000 2702.84
611.00 75.890 75.665 6.000 4047.41
591.00 56.940 55.920 5.500 2506.19
591.00 56.990 56.165 5.000 2272.25
598.00 63.940 62.920 5.500 2930.92
618.00 83.040 83.365 4.500 3196.87
609.00 73.890 73.665 6.000 3934.63
608.00 72.790 72.140 7.000 4498.27
609.00 75.210 74.935 3.000 1753.19
614.00 79.040 79.365 4.500 3050.21
628.00 92.790 92.140 7.000 5785.19
608.00 72.940 72.920 5.500 3533.24
625.00 89.690 88.540 8.000 6318.53
603.00 69.100 68.550 4.000 2260.59
611.00 75.840 75.415 6.500 4386.78
620.00 84.690 83.540 8.000 5950.95
628.00 92.840 92.415 6.500 5370.96
617.00 82.160 82.765 3.500 2342.83
597.00 63.040 62.365 4.500 2315.89
626.00 90.890 90.665 6.000 4838.78
595.00 60.840 59.415 6.500 3229.58
627.00 92.100 92.550 4.000 3033.93
598.00 63.790 62.140 7.000 3664.19
625.00 91.210 90.935 3.000 2069.21
622.00 86.740 85.840 7.500 5775.22
630.00 94.840 94.415 6.500 5471.25
612.00 76.740 75.840 7.500 5062.02
615.00 79.740 78.840 7.500 5286.39
608.00 74.210 73.935 3.000 1729.06
623.00 87.740 86.840 7.500 5843.72
599.00 64.890 63.665 6.000 3263.81
596.00 61.790 60.140 7.000 3511.37
611.00 76.160 76.765 3.500 2176.83
624.00 89.100 89.550 4.000 2956.54
591.00 56.790 55.140 7.000 2915.86
625.00 89.740 88.840 7.500 5975.71
612.00 76.790 76.140 7.000 4768.88
593.00 58.790 57.140 7.000 3243.23
602.00 67.890 66.665 6.000 3474.88
601.00 67.100 66.550 4.000 2182.38
593.00 58.840 57.415 6.500 3076.83
613.00 77.990 78.165 5.000 3410.17
594.00 60.040 59.365 4.500 2189.37
602.00 68.160 67.765 3.500 1896.03
613.00 78.160 78.765 3.500 2232.56
606.00 70.690 69.540 8.000 4719.66
628.00 93.100 93.550 4.000 3056.77
628.00 92.990 93.165 5.000 4003.13
613.00 77.590 75.840 9.000 5748.63
601.00 66.690 64.540 8.000 4286.12
607.00 71.990 72.165 5.000 3128.95
596.00 62.040 61.365 4.500 2266.22
599.00 65.100 64.550 4.000 2098.99
592.00 57.840 56.415 6.500 2995.04
609.00 73.590 71.840 9.000 5280.98
606.00 71.100 71.550 4.000 2375.01
608.00 72.740 71.840 7.500 4720.17
591.00 56.890 55.665 6.000 2721.77
605.00 70.690 68.540 8.000 4639.37
591.00 57.100 56.550 4.000 1766.92
610.00 74.940 74.920 5.500 3639.80
619.00 85.210 84.935 3.000 1976.96
612.00 76.990 77.165 5.000 3365.15
627.00 91.840 91.415 6.500 5316.82
611.00 76.100 76.550 4.000 2553.75
617.00 82.100 82.550 4.000 2749.37
619.00 84.160 84.765 3.500 2394.82
625.00 89.590 87.840 9.000 6816.53
622.00 87.160 87.765 3.500 2470.63
603.00 68.890 67.665 6.000 3545.42
623.00 87.590 85.840 9.000 6642.82
622.00 86.940 86.920 5.500 4214.10
600.00 66.100 65.550 4.000 2141.61
627.00 91.890 91.665 6.000 4881.38
610.00 75.100 75.550 4.000 2519.34
605.00 70.990 70.165 5.000 3025.13
620.00 84.740 83.840 7.500 5636.52
629.00 93.840 93.415 6.500 5420.90
611.00 75.940 75.920 5.500 3689.14
622.00 86.890 86.665 6.000 4639.32
625.00 89.890 89.665 6.000 4789.54
597.00 62.790 61.140 7.000 3587.92
600.00 65.690 63.540 8.000 4193.77
599.00 65.160 64.765 3.500 1790.54
615.00 79.590 77.840 9.000 5924.78
596.00 61.940 60.920 5.500 2813.04
612.00 77.160 77.765 3.500 2206.12
619.00 83.890 83.665 6.000 4481.25
608.00 73.160 73.765 3.500 2086.52
598.00 63.690 61.540 8.000 3933.38
621.00 85.640 84.190 8.500 6267.80
627.00 92.040 92.365 4.500 3496.89
624.00 88.640 87.190 8.500 6514.44
610.00 74.840 74.415 6.500 4324.04
624.00 88.890 88.665 6.000 4739.22
606.00 70.640 69.190 8.500 4095.41
617.00 81.890 81.665 6.000 4374.66
601.00 66.640 64.190 8.500 4244.60
602.00 67.640 65.190 8.500 4437.82
594.00 59.790 58.140 7.000 3336.76
615.00 80.040 80.365 4.500 3087.19
600.00 65.740 63.840 7.500 4029.39
612.00 77.040 77.365 4.500 2972.79
605.00 71.040 70.365 4.500 2684.37
624.00 88.940 88.920 5.500 4304.41
622.00 87.100 87.550 4.000 2900.22
610.00 74.740 73.840 7.500 4907.97
600.00 65.840 64.415 6.500 3594.32
616.00 82.210 81.935 3.000 1918.87
628.00 93.040 93.365 4.500 3526.71
609.00 73.740 72.840 7.500 4811.86
621.00 85.690 84.540 8.000 6022.18
616.00 80.890 80.665 6.000 4321.12
608.00 73.100 73.550 4.000 2448.11
598.00 64.100 63.550 4.000 2061.11
624.00 88.590 86.840 9.000 6738.92
629.00 93.990 94.165 5.000 4035.79
621.00 85.940 85.920 5.500 4168.76
618.00 82.990 83.165 5.000 3619.78
608.00 72.890 72.665 6.000 3877.93
592.00 58.040 57.365 4.500 2073.31
600.00 65.890 64.665 6.000 3331.84
596.00 62.100 61.550 4.000 1978.39
622.00 86.690 85.540 8.000 6097.29
598.00 63.990 63.165 5.000 2650.41
611.00 77.210 76.935 3.000 1802.07
613.00 77.790 77.140 7.000 4835.60
614.00 78.590 76.840 9.000 5836.88
617.00 81.990 82.165 5.000 3578.64
608.00 72.840 72.415 6.500 4198.04
603.00 68.690 66.540 8.000 4473.85
626.00 91.100 91.550 4.000 3007.52
598.00 64.160 63.765 3.500 1752.73
615.00 79.790 79.140 7.000 4970.40
603.00 69.160 68.765 3.500 1928.37
627.00 91.990 92.165 5.000 3965.92
619.00 83.590 81.840 9.000 6272.01
607.00 72.040 72.365 4.500 2768.76
618.00 83.160 83.765 3.500 2368.61
630.00 94.640 93.190 8.500 6986.26
620.00 85.040 85.365 4.500 3297.39
595.00 60.740 58.840 7.500 3517.58
607.00 71.740 70.840 7.500 4681.39
607.00 71.590 69.840 9.000 5044.92
627.00 92.160 92.765 3.500 2565.78
595.00 60.890 59.665 6.000 2997.65
601.00 66.990 66.165 5.000 2824.88
591.00 56.870 55.415 6.500 2902.40
627.00 91.690 90.540 8.000 6460.56
626.00 90.690 89.540 8.000 6389.89
610.00 74.690 73.540 8.000 5091.79
599.00 65.040 64.365 4.500 2405.69
598.00 63.840 62.415 6.500 3446.41
600.00 65.940 64.920 5.500 3050.81
625.00 89.840 89.415 6.500 5208.36
605.00 70.790 69.140 7.000 4241.34
613.00 77.740 76.840 7.500 5136.98
605.00 70.740 68.840 7.500 4445.09
609.00 73.690 72.540 8.000 4989.41
628.00 92.740 91.840 7.500 6171.51
610.00 74.590 72.840 9.000 5414.45
630.00 96.210 95.935 3.000 2111.73
601.00 66.740 64.840 7.500 4110.86
630.00 94.890 94.665 6.000 5017.36
612.00 76.940 76.920 5.500 3738.51
607.00 72.100 72.550 4.000 2413.55
612.00 76.640 75.190 8.500 5436.88
604.00 69.740 67.840 7.500 4355.92
606.00 71.160 71.765 3.500 2024.51
596.00 61.840 60.415 6.500 3300.12
624.00 88.690 87.540 8.000 6245.18
624.00 88.740 87.840 7.500 5909.73
614.00 79.100 79.550 4.000 2654.46
609.00 74.100 74.550 4.000 2484.96
596.00 61.740 59.840 7.500 3672.29
616.00 80.690 79.540 8.000 5621.00
628.00 94.210 93.935 3.000 2107.66
619.00 83.940 83.920 5.500 4078.40
629.00 93.890 93.665 6.000 4977.84
625.00 89.790 89.140 7.000 5611.23
619.00 83.640 82.190 8.500 6094.87
596.00 61.990 61.165 5.000 2545.24
596.00 61.890 60.665 6.000 3063.55
612.00 77.100 77.550 4.000 2588.19
600.00 65.790 64.140 7.000 3819.82
609.00 73.840 73.415 6.500 4260.53
602.00 67.790 66.140 7.000 3979.15
623.00 87.890 87.665 6.000 4687.82
609.00 73.990 74.165 5.000 3226.05
596.00 62.160 61.765 3.500 1683.63
616.00 80.590 78.840 9.000 6011.02
593.00 58.990 58.165 5.000 2384.41
605.00 70.590 67.840 9.000 4720.58
630.00 94.940 94.920 5.500 4547.82
629.00 95.210 94.935 3.000 2110.13
627.00 93.210 92.935 3.000 2099.10
625.00 90.100 90.550 4.000 2983.61
603.00 68.990 68.165 5.000 2928.11
626.00 91.160 91.765 3.500 2553.33
606.00 70.840 70.415 6.500 4071.73
623.00 88.100 88.550 4.000 2927.26
594.00 60.100 59.550 4.000 1891.30
614.00 79.160 79.765 3.500 2261.61
601.00 67.160 66.765 3.500 1860.57
609.00 74.040 74.365 4.500 2864.24
613.00 77.640 76.190 8.500 5529.53
607.00 71.790 71.140 7.000 4422.22
604.00 69.690 67.540 8.000 4555.88
592.00 57.890 56.665 6.000 2792.27
606.00 70.590 68.840 9.000 4905.55
594.00 59.740 57.840 7.500 3347.50
603.00 68.740 66.840 7.500 4272.72
610.00 74.790 74.140 7.000 4634.29
612.00 78.210 77.935 3.000 1826.08
613.00 78.100 78.550 4.000 2620.27
621.00 87.210 86.935 3.000 2015.06
624.00 89.040 89.365 4.500 3401.42
611.00 75.790 75.140 7.000 4701.28
602.00 68.100 67.550 4.000 2221.16
614.00 80.210 79.935 3.000 1874.52
624.00 88.990 89.165 5.000 3854.35
602.00 67.940 66.920 5.500 3177.33
615.00 80.160 80.765 3.500 2290.13
608.00 73.040 73.365 4.500 2810.69
628.00 92.640 91.190 8.500 6831.87
621.00 85.890 85.665 6.000 4584.38
618.00 82.640 81.190 8.500 6012.87
628.00 92.890 92.665 6.000 4932.18
604.00 69.840 68.415 6.500 3914.74
624.00 90.210 89.935 3.000 2055.25
608.00 72.640 71.190 8.500 5099.53
597.00 62.840 61.415 6.500 3372.41
610.00 74.890 74.665 6.000 3990.55
605.00 70.940 69.920 5.500 3362.14
606.00 70.740 69.840 7.500 4535.03
629.00 94.100 94.550 4.000 3076.49
618.00 82.890 82.665 6.000 4428.65
606.00 72.210 71.935 3.000 1675.16
629.00 93.690 92.540 8.000 6604.63
604.00 70.100 69.550 4.000 2299.16
616.00 80.990 81.165 5.000 3537.40
622.00 87.040 87.365 4.500 3335.45
629.00 93.590 91.840 9.000 7255.22
625.00 89.640 88.190 8.500 6601.37
618.00 84.210 83.935 3.000 1957.51
597.00 62.690 60.540 8.000 3755.61
607.00 71.840 71.415 6.500 4135.26
609.00 73.640 72.190 8.500 5183.31
615.00 80.100 80.550 4.000 2686.52
616.00 80.640 79.190 8.500 5823.60
605.00 70.840 69.415 6.500 3998.50
618.00 82.940 82.920 5.500 4029.40
621.00 85.990 86.165 5.000 3737.94
613.00 78.040 78.365 4.500 3012.15
597.00 62.990 62.165 5.000 2597.17
613.00 77.690 76.540 8.000 5374.17
616.00 80.940 80.920 5.500 3934.40
607.00 72.160 72.765 3.500 2055.79
602.00 68.040 67.365 4.500 2541.98
628.00 92.940 92.920 5.500 4469.14
600.00 65.990 65.165 5.000 2757.12
628.00 92.590 90.840 9.000 7094.76
606.00 71.040 71.365 4.500 2726.64
598.00 64.040 63.365 4.500 2359.34
611.00 75.590 73.840 9.000 5518.44
626.00 90.990 91.165 5.000 3927.28
595.00 60.990 60.165 5.000 2494.59
621.00 85.740 84.840 7.500 5707.36
620.00 86.210 85.935 3.000 1996.27
629.00 93.640 92.190 8.500 6913.55
614.00 78.740 77.840 7.500 5213.25
622.00 86.840 86.415 6.500 5044.97
604.00 70.040 69.365 4.500 2637.73
617.00 81.640 80.190 8.500 5919.28
611.00 75.640 74.190 8.500 5353.22
604.00 69.640 67.190 8.500 4703.02
601.00 66.790 65.140 7.000 3897.86
593.00 59.100 58.550 4.000 1849.71
626.00 90.640 89.190 8.500 6682.03
593.00 58.890 57.665 6.000 2863.83
618.00 82.740 81.840 7.500 5497.43
625.00 89.940 89.920 5.500 4346.19
593.00 59.040 58.365 4.500 2120.80
613.00 79.210 78.935 3.000 1851.07
592.00 57.790 56.140 7.000 3065.99
627.00 91.790 91.140 7.000 5727.92
615.00 79.890 79.665 6.000 4265.80
616.00 81.040 81.365 4.500 3124.13
595.00 60.790 59.140 7.000 3422.18
608.00 72.690 71.540 8.000 4899.39
616.00 80.740 79.840 7.500 5356.86
630.00 94.590 92.840 9.000 7261.37
620.00 84.940 84.920 5.500 4147.68